<?xml version="1.0" encoding="utf-8"?>
<opencv_storage>
   <_D1 type_id="opencv-matrix">
      <rows>1</rows>
      <cols>5</cols>
      <dt>d</dt>
      <data>-0.50035328 0.22920919 0.00008862 0.00002642 0.00647092</data>
   </_D1>
</opencv_storage>