<?xml version="1.0" encoding="utf-8"?>
<opencv_storage>
   <_D2 type_id="opencv-matrix">
      <rows>1</rows>
      <cols>5</cols>
      <dt>d</dt>
      <data>-0.50863947 0.30597476 0.00058331 -0.00004723 -0.22869341</data>
   </_D2>
</opencv_storage>