<?xml version="1.0" encoding="utf-8"?>
<opencv_storage>
   <_M1 type_id="opencv-matrix">
      <rows>3</rows>
      <cols>3</cols>
      <dt>d</dt>
      <data>1468.53514498 1.03385946 640.35381946
0.00000000 1467.12773971 361.83013270
0.00000000 0.00000000 1.00000000</data>
   </_M1>
</opencv_storage>