<?xml version="1.0" encoding="utf-8"?>
<opencv_storage>
   <_M2 type_id="opencv-matrix">
      <rows>3</rows>
      <cols>3</cols>
      <dt>d</dt>
      <data>1467.48124355 1.18397948 642.75485307
0.00000000 1466.04990091 354.50407784
0.00000000 0.00000000 1.00000000</data>
   </_M2>
</opencv_storage>