<?xml version="1.0" encoding="utf-8"?>
<opencv_storage>
   <_R type_id="opencv-matrix">
      <rows>3</rows>
      <cols>3</cols>
      <dt>d</dt>
      <data>0.99987746 -0.01172356 0.01037399
0.01164447 0.99990292 0.00765162
-0.01046268 -0.00752988 0.99991691</data>
   </_R>
</opencv_storage>